month,day,sahriEndHour,sahriEndMinute,sunriseHour,sunriseMinute,noonHour,noonMinute,asrStartHour,asrStartMinute,magribStartHour,magribStartMinute,ishaStartHour,ishaStartMinute
1,1,5,19,6,41,12,3,15,46,17,27,18,45
1,2,5,20,6,41,12,3,15,47,17,27,18,46
1,3,5,20,6,42,12,4,15,48,17,28,18,46
1,4,5,20,6,42,12,4,15,48,17,28,18,47
1,5,5,21,6,42,12,5,15,49,17,29,18,48
1,6,5,21,6,42,12,5,15,50,17,30,18,48
1,7,5,21,6,42,12,6,15,50,17,31,18,49
1,8,5,21,6,43,12,6,15,51,17,31,18,50
1,9,5,22,6,43,12,6,15,52,17,32,18,50
1,10,5,22,6,43,12,7,15,53,17,33,18,51
1,11,5,22,6,43,12,7,15,53,17,33,18,51
1,12,5,23,6,43,12,7,15,54,17,34,18,51
1,13,5,23,6,43,12,8,15,55,17,35,18,52
1,14,5,23,6,43,12,8,15,55,17,35,18,53
1,15,5,23,6,43,12,9,15,56,17,36,18,54
1,16,5,23,6,43,12,9,15,57,17,37,18,55
1,17,5,23,6,43,12,9,15,58,17,38,18,55
1,18,5,23,6,43,12,10,15,58,17,38,18,56
1,19,5,23,6,43,12,10,15,59,17,39,18,56
1,20,5,23,6,43,12,10,16,0,17,40,18,57
1,21,5,23,6,42,12,10,16,0,17,40,18,57
1,22,5,23,6,42,12,11,16,1,17,41,18,58
1,23,5,23,6,42,12,11,16,2,17,42,18,58
1,24,5,22,6,41,12,11,16,3,17,43,18,59
1,25,5,22,6,41,12,11,16,3,17,43,19,0
1,26,5,22,6,41,12,12,16,4,17,44,19,0
1,27,5,22,6,41,12,12,16,5,17,45,19,1
1,28,5,22,6,41,12,12,16,5,17,46,19,2
1,29,5,22,6,41,12,13,16,6,17,47,19,2
1,30,5,21,6,40,12,13,16,7,17,47,19,3
1,31,5,21,6,40,12,13,16,7,17,48,19,4
2,1,5,21,6,39,12,13,16,8,17,48,19,4
2,2,5,20,6,39,12,13,16,9,17,49,19,5
2,3,5,20,6,38,12,13,16,9,17,50,19,5
2,4,5,19,6,38,12,13,16,10,17,50,19,6
2,5,5,19,6,37,12,13,16,11,17,51,19,6
2,6,5,19,6,37,12,13,16,11,17,52,19,7
2,7,5,18,6,36,12,13,16,12,17,52,19,7
2,8,5,18,6,36,12,13,16,12,17,53,19,8
2,9,5,17,6,35,12,13,16,13,17,53,19,8
2,10,5,17,6,34,12,13,16,14,17,54,19,9
2,11,5,16,6,34,12,13,16,14,17,54,19,9
2,12,5,16,6,33,12,13,16,15,17,55,19,10
2,13,5,15,6,33,12,13,16,15,17,55,19,10
2,14,5,15,6,32,12,13,16,16,17,56,19,11
2,15,5,14,6,31,12,13,16,16,17,56,19,11
2,16,5,14,6,30,12,13,16,17,17,57,19,11
2,17,5,13,6,30,12,13,16,17,17,58,19,12
2,18,5,12,6,29,12,13,16,18,17,59,19,13
2,19,5,12,6,28,12,13,16,18,17,59,19,13
2,20,5,11,6,28,12,13,16,19,18,0,19,14
2,21,5,10,6,27,12,13,16,19,18,1,19,14
2,22,5,9,6,26,12,13,16,20,18,1,19,15
2,23,5,9,6,25,12,13,16,20,18,2,19,16
2,24,5,8,6,25,12,12,16,20,18,2,19,16
2,25,5,7,6,24,12,12,16,21,18,3,19,17
2,26,5,6,6,23,12,12,16,21,18,3,19,17
2,27,5,5,6,22,12,12,16,22,18,4,19,17
2,28,5,5,6,21,12,12,16,22,18,4,19,18
2,29,5,4,6,21,12,12,16,22,18,4,19,18
3,1,5,4,6,20,12,11,16,22,18,5,19,18
3,2,5,3,6,19,12,11,16,23,18,5,19,18
3,3,5,3,6,19,12,11,16,23,18,6,19,19
3,4,5,2,6,18,12,11,16,23,18,6,19,19
3,5,5,1,6,17,12,11,16,24,18,6,19,19
3,6,5,0,6,16,12,10,16,24,18,7,19,20
3,7,4,59,6,15,12,10,16,24,18,7,19,20
3,8,4,58,6,14,12,10,16,25,18,8,19,21
3,9,4,57,6,13,12,10,16,25,18,8,19,21
3,10,4,56,6,12,12,10,16,25,18,9,19,22
3,11,4,55,6,11,12,9,16,25,18,9,19,22
3,12,4,54,6,10,12,9,16,26,18,10,19,23
3,13,4,53,6,9,12,9,16,26,18,10,19,23
3,14,4,52,6,8,12,9,16,26,18,11,19,24
3,15,4,51,6,7,12,8,16,26,18,11,19,24
3,16,4,50,6,6,12,8,16,27,18,12,19,25
3,17,4,49,6,5,12,8,16,27,18,12,19,25
3,18,4,48,6,4,12,7,16,27,18,12,19,25
3,19,4,47,6,4,12,7,16,27,18,13,19,26
3,20,4,46,6,3,12,7,16,27,18,13,19,26
3,21,4,45,6,2,12,6,16,27,18,13,19,27
3,22,4,44,6,1,12,6,16,28,18,14,19,27
3,23,4,43,5,59,12,6,16,28,18,14,19,28
3,24,4,42,5,58,12,5,16,28,18,14,19,28
3,25,4,41,5,57,12,5,16,28,18,15,19,28
3,26,4,39,5,56,12,5,16,28,18,15,19,29
3,27,4,38,5,55,12,4,16,28,18,16,19,30
3,28,4,37,5,54,12,4,16,28,18,16,19,30
3,29,4,36,5,53,12,4,16,28,18,17,19,31
3,30,4,34,5,52,12,3,16,29,18,17,19,32
3,31,4,33,5,51,12,3,16,29,18,18,19,33
4,1,4,32,5,50,12,3,16,29,18,18,19,33
4,2,4,31,5,49,12,3,16,29,18,19,19,34
4,3,4,30,5,48,12,3,16,29,18,19,19,34
4,4,4,29,5,47,12,2,16,29,18,19,19,35
4,5,4,27,5,46,12,2,16,29,18,20,19,35
4,6,4,27,5,45,12,2,16,29,18,20,19,35
4,7,4,26,5,44,12,1,16,29,18,21,19,36
4,8,4,25,5,43,12,1,16,29,18,21,19,36
4,9,4,24,5,42,12,1,16,29,18,21,19,37
4,10,4,23,5,41,12,0,16,30,18,22,19,37
4,11,4,22,5,40,12,0,16,30,18,22,19,38
4,12,4,21,5,39,12,0,16,30,18,23,19,38
4,13,4,20,5,39,12,0,16,30,18,23,19,39
4,14,4,18,5,38,11,59,16,30,18,23,19,40
4,15,4,17,5,37,11,59,16,30,18,24,19,40
4,16,4,16,5,36,11,59,16,30,18,24,19,41
4,17,4,15,5,35,11,59,16,30,18,24,19,41
4,18,4,14,5,34,11,58,16,30,18,25,19,42
4,19,4,13,5,33,11,58,16,30,18,25,19,42
4,20,4,12,5,33,11,58,16,30,18,26,19,43
4,21,4,11,5,32,11,58,16,30,18,26,19,43
4,22,4,10,5,31,11,58,16,30,18,27,19,44
4,23,4,9,5,30,11,58,16,30,18,27,19,45
4,24,4,8,5,29,11,57,16,30,18,28,19,45
4,25,4,8,5,28,11,57,16,31,18,28,19,46
4,26,4,7,5,27,11,57,16,31,18,29,19,46
4,27,4,6,5,27,11,57,16,31,18,29,19,47
4,28,4,5,5,26,11,57,16,31,18,29,19,47
4,29,4,4,5,25,11,56,16,31,18,30,19,48
4,30,4,3,5,24,11,56,16,31,18,30,19,49
5,1,4,2,5,24,11,56,16,31,18,31,19,50
5,2,4,1,5,23,11,56,16,31,18,31,19,51
5,3,4,0,5,22,11,56,16,31,18,32,19,52
5,4,3,58,5,22,11,56,16,31,18,32,19,53
5,5,3,57,5,21,11,56,16,31,18,33,19,53
5,6,3,56,5,20,11,56,16,31,18,33,19,54
5,7,3,55,5,20,11,56,16,31,18,34,19,55
5,8,3,54,5,19,11,55,16,32,18,34,19,56
5,9,3,53,5,18,11,55,16,32,18,35,19,57
5,10,3,53,5,18,11,55,16,32,18,35,19,57
5,11,3,52,5,17,11,55,16,32,18,36,19,58
5,12,3,52,5,17,11,55,16,32,18,36,19,58
5,13,3,51,5,17,11,55,16,32,18,36,19,59
5,14,3,51,5,16,11,55,16,32,18,37,19,59
5,15,3,50,5,16,11,55,16,32,18,37,20,0
5,16,3,50,5,15,11,55,16,33,18,38,20,0
5,17,3,49,5,15,11,55,16,33,18,38,20,0
5,18,3,49,5,14,11,55,16,33,18,39,20,1
5,19,3,48,5,14,11,55,16,33,18,39,20,2
5,20,3,47,5,13,11,55,16,33,18,40,20,3
5,21,3,47,5,13,11,56,16,33,18,40,20,3
5,22,3,46,5,13,11,56,16,33,18,41,20,4
5,23,3,46,5,12,11,56,16,34,18,42,20,5
5,24,3,45,5,12,11,56,16,34,18,42,20,6
5,25,3,45,5,12,11,56,16,34,18,42,20,6
5,26,3,44,5,11,11,56,16,34,18,43,20,7
5,27,3,44,5,11,11,56,16,34,18,43,20,7
5,28,3,43,5,10,11,56,16,35,18,44,20,8
5,29,3,43,5,10,11,56,16,35,18,44,20,9
5,30,3,43,5,10,11,56,16,35,18,45,20,9
5,31,3,42,5,10,11,57,16,35,18,45,20,10
6,1,3,42,5,10,11,57,16,35,18,46,20,11
6,2,3,42,5,10,11,57,16,36,18,46,20,11
6,3,3,42,5,10,11,57,16,36,18,46,20,12
6,4,3,42,5,10,11,57,16,36,18,47,20,12
6,5,3,42,5,10,11,57,16,36,18,47,20,12
6,6,3,41,5,10,11,58,16,36,18,47,20,13
6,7,3,41,5,10,11,58,16,37,18,48,20,14
6,8,3,41,5,10,11,58,16,37,18,48,20,14
6,9,3,41,5,10,11,58,16,37,18,49,20,15
6,10,3,41,5,10,11,58,16,37,18,49,20,15
6,11,3,41,5,10,11,59,16,38,18,50,20,16
6,12,3,41,5,10,11,59,16,38,18,50,20,16
6,13,3,40,5,10,11,59,16,38,18,50,20,17
6,14,3,41,5,10,11,59,16,38,18,50,20,17
6,15,3,41,5,10,11,59,16,38,18,51,20,17
6,16,3,41,5,10,12,0,16,39,18,51,20,17
6,17,3,41,5,11,12,0,16,39,18,51,20,18
6,18,3,41,5,11,12,0,16,39,18,51,20,18
6,19,3,41,5,11,12,0,16,39,18,52,20,18
6,20,3,41,5,11,12,0,16,40,18,52,20,18
6,21,3,41,5,11,12,0,16,40,18,52,20,19
6,22,3,42,5,11,12,1,16,40,18,52,20,19
6,23,3,42,5,11,12,1,16,40,18,53,20,19
6,24,3,42,5,11,12,1,16,40,18,53,20,19
6,25,3,42,5,12,12,1,16,41,18,53,20,25
6,26,3,43,5,12,12,2,16,41,18,53,20,25
6,27,3,43,5,13,12,2,16,41,18,53,20,25
6,28,3,44,5,13,12,2,16,41,18,53,20,25
6,29,3,44,5,14,12,3,16,41,18,53,20,25
6,30,3,45,5,14,12,3,16,42,18,53,20,25
7,1,3,45,5,14,12,3,16,42,18,54,20,20
7,2,3,45,5,14,12,3,16,42,18,54,20,20
7,3,3,46,5,15,12,3,16,42,18,54,20,20
7,4,3,46,5,15,12,3,16,42,18,54,20,20
7,5,3,47,5,15,12,4,16,42,18,54,20,20
7,6,3,47,5,16,12,4,16,43,18,54,20,20
7,7,3,48,5,16,12,4,16,43,18,54,20,19
7,8,3,48,5,17,12,4,16,43,18,54,20,19
7,9,3,49,5,17,12,4,16,43,18,53,20,19
7,10,3,49,5,18,12,4,16,43,18,53,20,18
7,11,3,50,5,18,12,4,16,43,18,53,20,18
7,12,3,51,5,18,12,5,16,43,18,53,20,18
7,13,3,51,5,19,12,5,16,43,18,53,20,17
7,14,3,52,5,19,12,5,16,43,18,53,20,17
7,15,3,52,5,19,12,5,16,43,18,53,20,17
7,16,3,53,5,20,12,5,16,43,18,52,20,16
7,17,3,53,5,20,12,5,16,43,18,52,20,16
7,18,3,54,5,21,12,5,16,43,18,52,20,15
7,19,3,55,5,21,12,5,16,43,18,51,20,15
7,20,3,55,5,22,12,5,16,43,18,51,20,14
7,21,3,56,5,22,12,5,16,43,18,50,20,14
7,22,3,57,5,23,12,5,16,43,18,50,20,13
7,23,3,58,5,23,12,5,16,43,18,50,20,12
7,24,3,58,5,24,12,5,16,43,18,49,20,12
7,25,3,59,5,24,12,5,16,43,18,49,20,11
7,26,4,0,5,25,12,5,16,43,18,48,20,10
7,27,4,1,5,25,12,5,16,43,18,48,20,9
7,28,4,1,5,26,12,5,16,43,18,47,20,9
7,29,4,2,5,26,12,5,16,43,18,47,20,8
7,30,4,2,5,26,12,5,16,42,18,46,20,7
7,31,4,3,5,27,12,5,16,42,18,45,20,6
8,1,4,3,5,27,12,5,16,42,18,45,20,5
8,2,4,4,5,27,12,5,16,42,18,44,20,5
8,3,4,5,5,28,12,5,16,42,18,44,20,4
8,4,4,5,5,28,12,5,16,41,18,43,20,3
8,5,4,6,5,29,12,5,16,41,18,42,20,2
8,6,4,7,5,29,12,5,16,41,18,42,20,1
8,7,4,7,5,30,12,5,16,41,18,41,20,0
8,8,4,8,5,30,12,4,16,40,18,41,19,0
8,9,4,9,5,31,12,4,16,40,18,40,19,59
8,10,4,9,5,31,12,4,16,40,18,39,19,58
8,11,4,10,5,31,12,4,16,39,18,39,19,57
8,12,4,10,5,32,12,4,16,39,18,38,19,56
8,13,4,11,5,32,12,4,16,39,18,37,19,55
8,14,4,11,5,33,12,3,16,38,18,36,19,54
8,15,4,12,5,33,12,3,16,38,18,35,19,53
8,16,4,13,5,33,12,3,16,37,18,35,19,52
8,17,4,13,5,34,12,3,16,37,18,34,19,51
8,18,4,14,5,34,12,2,16,37,18,33,19,50
8,19,4,14,5,34,12,2,16,36,18,32,19,49
8,20,4,15,5,35,12,2,16,36,18,31,19,48
8,21,4,15,5,35,12,2,16,35,18,30,19,47
8,22,4,16,5,36,12,1,16,35,18,29,19,46
8,23,4,16,5,36,12,1,16,34,18,29,19,45
8,24,4,17,5,36,12,1,16,34,18,28,19,44
8,25,4,18,5,37,12,1,16,33,18,27,19,43
8,26,4,18,5,37,12,0,16,32,18,26,19,42
8,27,4,19,5,37,12,0,16,32,18,25,19,41
8,28,4,19,5,38,12,0,16,31,18,24,19,40
8,29,4,20,5,38,12,0,16,31,18,23,19,38
8,30,4,20,5,39,11,59,16,30,18,22,19,37
8,31,4,21,5,39,11,59,16,30,18,21,19,36
9,1,4,21,5,39,11,59,16,29,18,20,19,35
9,2,4,22,5,40,11,58,16,28,18,19,19,34
9,3,4,22,5,40,11,58,16,27,18,18,19,33
9,4,4,23,5,40,11,58,16,27,18,17,19,32
9,5,4,23,5,41,11,57,16,26,18,16,19,31
9,6,4,24,5,41,11,57,16,25,18,15,19,30
9,7,4,24,5,41,11,57,16,25,18,14,19,29
9,8,4,24,5,42,11,56,16,24,18,13,19,27
9,9,4,25,5,42,11,56,16,23,18,12,19,26
9,10,4,25,5,42,11,56,16,23,18,11,19,25
9,11,4,26,5,43,11,55,16,22,18,10,19,24
9,12,4,26,5,43,11,55,16,21,18,9,19,23
9,13,4,26,5,43,11,55,16,20,18,8,19,22
9,14,4,27,5,44,11,54,16,20,18,7,19,21
9,15,4,27,5,44,11,54,16,19,18,6,19,20
9,16,4,28,5,45,11,54,16,18,18,5,19,19
9,17,4,29,5,45,11,53,16,17,18,4,19,17
9,18,4,29,5,46,11,53,16,17,18,3,19,16
9,19,4,29,5,46,11,53,16,16,18,2,19,15
9,20,4,30,5,46,11,52,16,15,18,0,19,14
9,21,4,30,5,47,11,52,16,14,17,59,19,13
9,22,4,31,5,47,11,52,16,13,17,58,19,12
9,23,4,31,5,47,11,51,16,13,17,57,19,11
9,24,4,31,5,47,11,51,16,12,17,57,19,10
9,25,4,31,5,47,11,50,16,11,17,56,19,9
9,26,4,32,5,48,11,50,16,10,17,54,19,7
9,27,4,32,5,48,11,50,16,9,17,53,19,6
9,28,4,33,5,48,11,49,16,9,17,53,19,5
9,29,4,33,5,49,11,49,16,8,17,51,19,4
9,30,4,33,5,49,11,49,16,7,17,50,19,3
10,1,4,34,5,49,11,48,16,6,17,49,19,2
10,2,4,34,5,50,11,48,16,5,17,48,19,1
10,3,4,34,5,50,11,47,16,4,17,47,19,0
10,4,4,35,5,51,11,47,16,4,17,46,18,59
10,5,4,35,5,51,11,47,16,3,17,45,18,58
10,6,4,36,5,51,11,47,16,2,17,44,18,57
10,7,4,36,5,52,11,46,16,1,17,43,18,56
10,8,4,37,5,52,11,46,16,0,17,42,18,55
10,9,4,37,5,53,11,46,16,0,17,41,18,54
10,10,4,37,5,53,11,46,15,59,17,41,18,54
10,11,4,38,5,54,11,46,15,58,17,40,18,53
10,12,4,38,5,54,11,46,15,57,17,39,18,52
10,13,4,38,5,55,11,45,15,56,17,38,18,51
10,14,4,38,5,55,11,45,15,56,17,37,18,51
10,15,4,39,5,56,11,45,15,55,17,36,18,50
10,16,4,39,5,56,11,45,15,54,17,35,18,49
10,17,4,40,5,57,11,44,15,53,17,34,18,48
10,18,4,40,5,57,11,44,15,53,17,33,18,47
10,19,4,41,5,57,11,44,15,52,17,33,18,46
10,20,4,41,5,58,11,44,15,51,17,32,18,46
10,21,4,42,5,58,11,44,15,50,17,31,18,45
10,22,4,42,5,59,11,43,15,50,17,30,18,44
10,23,4,43,5,59,11,43,15,49,17,29,18,43
10,24,4,43,6,0,11,43,15,48,17,28,18,42
10,25,4,43,6,0,11,43,15,48,17,28,18,42
10,26,4,43,6,1,11,43,15,47,17,27,18,41
10,27,4,44,6,1,11,42,15,46,17,26,18,40
10,28,4,44,6,2,11,42,15,46,17,25,18,40
10,29,4,45,6,2,11,42,15,45,17,25,18,39
10,30,4,45,6,3,11,42,15,44,17,24,18,39
10,31,4,46,6,4,11,42,15,44,17,23,18,38
11,1,4,46,6,4,11,42,15,43,17,23,18,38
11,2,4,47,6,5,11,42,15,43,17,22,18,37
11,3,4,47,6,5,11,42,15,42,17,22,18,37
11,4,4,48,6,6,11,42,15,42,17,21,18,36
11,5,4,48,6,6,11,42,15,41,17,21,18,36
11,6,4,49,6,7,11,42,15,41,17,20,18,35
11,7,4,49,6,8,11,42,15,40,17,19,18,35
11,8,4,50,6,8,11,42,15,40,17,19,18,34
11,9,4,50,6,9,11,43,15,39,17,18,18,34
11,10,4,51,6,10,11,43,15,39,17,18,18,34
11,11,4,51,6,10,11,43,15,38,17,18,18,34
11,12,4,52,6,11,11,43,15,38,17,17,18,33
11,13,4,53,6,12,11,43,15,38,17,17,18,33
11,14,4,53,6,12,11,43,15,37,17,17,18,33
11,15,4,54,6,13,11,44,15,37,17,16,18,32
11,16,4,54,6,13,11,44,15,37,17,16,18,32
11,17,4,55,6,14,11,44,15,36,17,16,18,32
11,18,4,55,6,15,11,44,15,36,17,15,18,32
11,19,4,56,6,16,11,44,15,36,17,15,18,32
11,20,4,57,6,16,11,44,15,36,17,15,18,31
11,21,4,57,6,17,11,45,15,35,17,15,18,31
11,22,4,58,6,18,11,45,15,35,17,14,18,31
11,23,4,58,6,18,11,45,15,35,17,14,18,31
11,24,4,59,6,19,11,46,15,35,17,14,18,31
11,25,5,0,6,20,11,46,15,35,17,14,18,31
11,26,5,0,6,21,11,46,15,35,17,14,18,31
11,27,5,1,6,21,11,47,15,35,17,14,18,31
11,28,5,2,6,22,11,47,15,35,17,14,18,31
11,29,5,2,6,23,11,47,15,35,17,14,18,32
11,30,5,2,6,23,11,48,15,35,17,14,18,32
12,1,5,3,6,24,11,48,15,35,17,14,18,32
12,2,5,3,6,25,11,48,15,35,17,14,18,33
12,3,5,4,6,25,11,49,15,35,17,14,18,33
12,4,5,5,6,26,11,49,15,35,17,14,18,33
12,5,5,6,6,27,11,50,15,35,17,14,18,33
12,6,5,6,6,28,11,50,15,35,17,14,18,33
12,7,5,7,6,28,11,50,15,35,17,15,18,33
12,8,5,8,6,29,11,51,15,35,17,15,18,33
12,9,5,8,6,29,11,51,15,36,17,15,18,33
12,10,5,9,6,30,11,52,15,36,17,15,18,34
12,11,5,9,6,31,11,52,15,36,17,16,18,34
12,12,5,10,6,31,11,53,15,37,17,16,18,35
12,13,5,11,6,32,11,53,15,37,17,17,18,35
12,14,5,11,6,33,11,54,15,37,17,17,18,36
12,15,5,12,6,33,11,54,15,38,17,17,18,36
12,16,5,12,6,34,11,55,15,38,17,18,18,37
12,17,5,12,6,34,11,55,15,38,17,18,18,37
12,18,5,13,6,35,11,55,15,39,17,18,18,37
12,19,5,13,6,35,11,56,15,39,17,19,18,38
12,20,5,14,6,36,11,56,15,40,17,19,18,38
12,21,5,14,6,36,11,57,15,40,17,20,18,39
12,22,5,15,6,37,11,57,15,41,17,20,18,39
12,23,5,16,6,37,11,58,15,41,17,21,18,40
12,24,5,16,6,38,11,59,15,42,17,21,18,40
12,25,5,17,6,38,11,59,15,42,17,22,18,41
12,26,5,17,6,39,12,0,15,43,17,23,18,41
12,27,5,17,6,39,12,0,15,43,17,23,18,42
12,28,5,18,6,39,12,1,15,44,17,24,18,43
12,29,5,18,6,40,12,1,15,44,17,24,18,43
12,30,5,18,6,40,12,1,15,45,17,25,18,44
12,31,5,19,6,40,12,2,15,46,17,26,18,44
